1
1
00000000000000001101101101010111
00000000000000000000000000000011
00000000000000000000000000000000
00000000000000000000000001100011
1
0
11111111111111011101101111111011
00000000000000000000000000000000
00000000000000000000000000000000
01011100100101011100000010001010
1
0
00000000000000000000000000000000
00000000000000000000000000000000
00000000000000000000000000000000
00000000000000000000000000000000
0
1
00000000000000110011010111111000
00000000000000000000000000000000
00000000000000000000000000000000
00000000000000000000000001100100
